{
 "cells": [
  {
   "cell_type": "code",
   "execution_count": 1,
   "metadata": {},
   "outputs": [],
   "source": [
    "import pickle\n",
    "import numpy as np"
   ]
  },
  {
   "cell_type": "code",
   "execution_count": 13,
   "metadata": {},
   "outputs": [
    {
     "name": "stdout",
     "output_type": "stream",
     "text": [
      "1000\n"
     ]
    }
   ],
   "source": [
    "## Code to load the array\n",
    "with open('array.pickle', 'rb') as p:\n",
    "    arr = pickle.load(p)\n",
    "\n",
    "print(arr.size)"
   ]
  },
  {
   "cell_type": "markdown",
   "metadata": {},
   "source": [
    "Check that the size of the array (arr) is 1000. Please report if any discrepancy."
   ]
  },
  {
   "cell_type": "markdown",
   "metadata": {},
   "source": [
    "## Task 1: Resize the array to a (20x50) matrix"
   ]
  },
  {
   "cell_type": "code",
   "execution_count": 15,
   "metadata": {},
   "outputs": [
    {
     "name": "stdout",
     "output_type": "stream",
     "text": [
      "(20, 50)\n"
     ]
    }
   ],
   "source": [
    "## BEGIN CODE\n",
    "b = arr.reshape((20,50))\n",
    "print(b.shape)\n",
    "## END CODE"
   ]
  },
  {
   "cell_type": "markdown",
   "metadata": {},
   "source": [
    "## Task 2: Find the transpose of this matrix"
   ]
  },
  {
   "cell_type": "code",
   "execution_count": 16,
   "metadata": {},
   "outputs": [
    {
     "name": "stdout",
     "output_type": "stream",
     "text": [
      "(50, 20)\n"
     ]
    }
   ],
   "source": [
    "## BEGIN CODE\n",
    "c = b.transpose()\n",
    "print(c.shape)\n",
    "## END CODE"
   ]
  },
  {
   "cell_type": "markdown",
   "metadata": {},
   "source": [
    "## Task 3: Find the dot product of the matrices created in Tasks 1 & 2"
   ]
  },
  {
   "cell_type": "code",
   "execution_count": 18,
   "metadata": {
    "collapsed": true
   },
   "outputs": [
    {
     "name": "stdout",
     "output_type": "stream",
     "text": [
      "(20, 20)\n",
      "[[146849.01683828 135460.4747245  134488.05934036 112663.14213183\n",
      "  113669.24514769  93710.51654169 121476.40392393 106115.98487967\n",
      "  108474.45459776  97971.07721241 131859.42941356 122967.8407579\n",
      "  117736.0507943  102494.76239164 133562.66968841 111942.51630097\n",
      "  111761.63810227 126892.30150792 114064.23128039 121282.46252407]\n",
      " [135460.4747245  211602.24444005 157652.98313366 142281.63422162\n",
      "  150489.85768771 129373.2375846  147733.00373515 140074.92838042\n",
      "  138165.0514419  134275.8882438  173211.67578061 157984.46631436\n",
      "  150096.59871898 123071.40401045 156416.66757068 126286.74620133\n",
      "  148156.06078107 174288.73215696 150709.65242627 154781.09202476]\n",
      " [134488.05934036 157652.98313366 198261.10301209 140094.22623001\n",
      "  133061.48124711 109767.24679661 133095.94676457 132789.7968447\n",
      "  128809.76423868 120322.54551324 157890.16203522 135875.28017375\n",
      "  151902.79512042 118906.92981258 141674.91504509 117700.9459328\n",
      "  129696.3457347  150969.6939897  143151.62043831 143072.59636798]\n",
      " [112663.14213183 142281.63422162 140094.22623001 157336.771407\n",
      "  119050.45793494 106747.33747168 122138.86973101 124990.06990125\n",
      "  113267.77974114 108742.96466343 137389.62826407 125934.40013047\n",
      "  114562.32448867 101573.87844261 136071.33122668 108338.9826602\n",
      "  119275.64152925 134486.37781964 128787.04387052 123477.46253439]\n",
      " [113669.24514769 150489.85768771 133061.48124711 119050.45793494\n",
      "  170044.62164306 118014.46608695 113323.0335134  129647.35611466\n",
      "  136162.35352898 121529.39177189 147662.76226718 144382.14632804\n",
      "  140090.26138795 102694.01095853 122927.69417464 120569.57237705\n",
      "  125034.31875765 134754.91437977 138876.00478475 145775.9273347 ]\n",
      " [ 93710.51654169 129373.2375846  109767.24679661 106747.33747168\n",
      "  118014.46608695 135389.74619482 101080.00673818 108141.83732208\n",
      "  115243.94862416 100352.28330494 114838.17738777 119711.28200594\n",
      "  111541.2951899   84714.65463135 118619.17813658  97902.79911342\n",
      "  104417.3643442  119814.24430309 112196.54093453 119227.63319359]\n",
      " [121476.40392393 147733.00373515 133095.94676457 122138.86973101\n",
      "  113323.0335134  101080.00673818 151880.66667787 116045.35955997\n",
      "  108127.08211659  99912.6640563  136199.16798114 137250.08969051\n",
      "  118404.08912531 102879.50477811 133519.86996275  99233.43452871\n",
      "  116075.56365395 126237.41086618 112876.81371146 132221.20172432]\n",
      " [106115.98487967 140074.92838042 132789.7968447  124990.06990125\n",
      "  129647.35611466 108141.83732208 116045.35955997 157474.47053715\n",
      "  122206.46636651 117186.53279732 146933.80377351 136561.48383686\n",
      "  127901.70748693 107195.00243931 137226.46905817 106721.93296559\n",
      "  113270.23333132 125911.25944541 118457.13623713 133192.39593847]\n",
      " [108474.45459776 138165.0514419  128809.76423868 113267.77974114\n",
      "  136162.35352898 115243.94862416 108127.08211659 122206.46636651\n",
      "  166229.50858264 113980.81740394 131934.98257034 138258.20127611\n",
      "  128600.65695436 106094.84983467 125566.89397304  99432.39921129\n",
      "  117298.56584291 120191.49058685 119048.82407554 122224.27503591]\n",
      " [ 97971.07721241 134275.8882438  120322.54551324 108742.96466343\n",
      "  121529.39177189 100352.28330494  99912.6640563  117186.53279732\n",
      "  113980.81740394 154706.23412074 123531.33539427 123636.17861437\n",
      "  120435.15981665 102443.29126225 116244.06676188 101079.04031655\n",
      "  113691.76335553 118318.70733329 113681.80144083 122989.33400803]\n",
      " [131859.42941356 173211.67578061 157890.16203522 137389.62826407\n",
      "  147662.76226718 114838.17738777 136199.16798114 146933.80377351\n",
      "  131934.98257034 123531.33539427 191939.04589884 155799.37238331\n",
      "  152851.15142123 118881.76029451 151037.07622947 135710.62126071\n",
      "  145087.8591343  151258.36349145 144547.81009023 147516.9154375 ]\n",
      " [122967.8407579  157984.46631436 135875.28017375 125934.40013047\n",
      "  144382.14632804 119711.28200594 137250.08969051 136561.48383686\n",
      "  138258.20127611 123636.17861437 155799.37238331 186240.71622822\n",
      "  146076.72286527 116530.35889407 148614.83907398 111143.17958321\n",
      "  130740.86354712 142220.37617227 135013.81259639 147120.46874505]\n",
      " [117736.0507943  150096.59871898 151902.79512042 114562.32448867\n",
      "  140090.26138795 111541.2951899  118404.08912531 127901.70748693\n",
      "  128600.65695436 120435.15981665 152851.15142123 146076.72286527\n",
      "  176722.77653006 108254.98979361 131234.79492595 115949.01027877\n",
      "  127242.82515492 141474.80215573 146049.49066111 133346.24295423]\n",
      " [102494.76239164 123071.40401045 118906.92981258 101573.87844261\n",
      "  102694.01095853  84714.65463135 102879.50477811 107195.00243931\n",
      "  106094.84983467 102443.29126225 118881.76029451 116530.35889407\n",
      "  108254.98979361 131744.57936873 114157.54969008  83431.31060408\n",
      "  103981.18084226 103655.78102425 102765.1758593  105816.20901888]\n",
      " [133562.66968841 156416.66757068 141674.91504509 136071.33122668\n",
      "  122927.69417464 118619.17813658 133519.86996275 137226.46905817\n",
      "  125566.89397304 116244.06676188 151037.07622947 148614.83907398\n",
      "  131234.79492595 114157.54969008 178327.30618129 115333.78288395\n",
      "  129597.72988334 142956.27935174 128000.26363994 133720.03880396]\n",
      " [111942.51630097 126286.74620133 117700.9459328  108338.9826602\n",
      "  120569.57237705  97902.79911342  99233.43452871 106721.93296559\n",
      "   99432.39921129 101079.04031655 135710.62126071 111143.17958321\n",
      "  115949.01027877  83431.31060408 115333.78288395 138773.02434887\n",
      "  109792.57364882 125022.04004507 109842.79036868 120301.61978146]\n",
      " [111761.63810227 148156.06078107 129696.3457347  119275.64152925\n",
      "  125034.31875765 104417.3643442  116075.56365395 113270.23333132\n",
      "  117298.56584291 113691.76335553 145087.8591343  130740.86354712\n",
      "  127242.82515492 103981.18084226 129597.72988334 109792.57364882\n",
      "  160711.16684666 127237.52221474 119602.22892725 128116.62674377]\n",
      " [126892.30150792 174288.73215696 150969.6939897  134486.37781964\n",
      "  134754.91437977 119814.24430309 126237.41086618 125911.25944541\n",
      "  120191.49058685 118318.70733329 151258.36349145 142220.37617227\n",
      "  141474.80215573 103655.78102425 142956.27935174 125022.04004507\n",
      "  127237.52221474 177862.55697498 146258.08959271 137981.57604992]\n",
      " [114064.23128039 150709.65242627 143151.62043831 128787.04387052\n",
      "  138876.00478475 112196.54093453 112876.81371146 118457.13623713\n",
      "  119048.82407554 113681.80144083 144547.81009023 135013.81259639\n",
      "  146049.49066111 102765.1758593  128000.26363994 109842.79036868\n",
      "  119602.22892725 146258.08959271 172509.69432006 130355.17856673]\n",
      " [121282.46252407 154781.09202476 143072.59636798 123477.46253439\n",
      "  145775.9273347  119227.63319359 132221.20172432 133192.39593847\n",
      "  122224.27503591 122989.33400803 147516.9154375  147120.46874505\n",
      "  133346.24295423 105816.20901888 133720.03880396 120301.61978146\n",
      "  128116.62674377 137981.57604992 130355.17856673 178723.08288711]]\n"
     ]
    }
   ],
   "source": [
    "## BEGIN CODE\n",
    "d = b.dot(c)\n",
    "print(d.shape)\n",
    "print(d)\n",
    "## END CODE"
   ]
  },
  {
   "cell_type": "markdown",
   "metadata": {},
   "source": [
    "## Task 4: Find the row-wise sum of the resulting matrix"
   ]
  },
  {
   "cell_type": "code",
   "execution_count": 19,
   "metadata": {},
   "outputs": [
    {
     "name": "stdout",
     "output_type": "stream",
     "text": [
      "(20,)\n"
     ]
    }
   ],
   "source": [
    "## BEGIN CODE\n",
    "e = d.sum(axis=1)\n",
    "print(e.shape)\n",
    "## END CODE"
   ]
  },
  {
   "cell_type": "markdown",
   "metadata": {},
   "source": [
    "## Task 5: Find the square root of all elements in the resulting matrix"
   ]
  },
  {
   "cell_type": "code",
   "execution_count": 20,
   "metadata": {},
   "outputs": [],
   "source": [
    "## BEGIN CODE\n",
    "f = np.sqrt(e)\n",
    "## END CODE"
   ]
  },
  {
   "cell_type": "markdown",
   "metadata": {},
   "source": [
    "## Task 6: Find the sine value of all elements in the resulting matrix"
   ]
  },
  {
   "cell_type": "code",
   "execution_count": 21,
   "metadata": {},
   "outputs": [],
   "source": [
    "## BEGIN CODE\n",
    "g = np.sin(f)\n",
    "## END CODE"
   ]
  },
  {
   "cell_type": "markdown",
   "metadata": {},
   "source": [
    "## Create submission file"
   ]
  },
  {
   "cell_type": "code",
   "execution_count": 23,
   "metadata": {},
   "outputs": [],
   "source": [
    "## Assign the name of the variable containing the final matrix to VARIABLE_NAME variable.\n",
    "\n",
    "VARIABLE_NAME = g\n",
    "with open('submission.pickle', 'wb') as p:\n",
    "    pickle.dump(VARIABLE_NAME, p)"
   ]
  }
 ],
 "metadata": {
  "kernelspec": {
   "display_name": "Python 3",
   "language": "python",
   "name": "python3"
  },
  "language_info": {
   "codemirror_mode": {
    "name": "ipython",
    "version": 3
   },
   "file_extension": ".py",
   "mimetype": "text/x-python",
   "name": "python",
   "nbconvert_exporter": "python",
   "pygments_lexer": "ipython3",
   "version": "3.6.5"
  }
 },
 "nbformat": 4,
 "nbformat_minor": 2
}
